16.448
3.54
11.784
272.736
19.536
2573.82
5.48
12.78
609.98
31.12
6.54
19.44
755.96
391.98
76.728
10.43
9.344
31.2
51.94
2.89
9.94
333.999
545.94
19.9
3.438
5.64
50.94
11.36
37.408
572.58
1325.85
646.74
61.96
149.95
127.104
18.588
30.072
124.2
64.864
181.47
32.34
108.72
56.064
1067.94
14.73
272.94
38.6
19.3
247.716
22.96
6.63
43.92
19.05
67.194
29.7
23.34
19.36
13.98
66.58
699.93
25.248
24.3
9.48
31.4
6.48
209.5
5.94
40.08
141.96
12.42
62.82
10.68
16.68
19.44
489.92
187.98
155.35
333
36.44
57.23
3.928
10.56
229.94
290.666
468.9
18.336
12.35
180.96
13.272
83.84
17.248
82.896
34.24
8.952
15
144.95
161.61
64.96
115.36
14.56
60.89
332.94
1256.22
17.46
51.9
9.64
14.94
64.96
234.45
129.568
81.96
16.176
238.62
239.97
21.36
7.96
1.08
54.208
25.16
12.624
20.32
12.96
62.31
8.85
19.44
4.428
6.936
22.776
32.896
19.456
634.116
362.25
457.568
63.552
376.509
18.84
17.472
129.552
137.352
5.94
11.36
3.424
36.4
151.2
302.45
626.352
176.772
19.456
25.32
125.76
15.12
44.672
9.99
15.552
354.9
59.52
49.632
97.82
18.62
479.97
436.704
48.712
481.568
20.65
17.94
107.648
204.9
242.94
83.168
22.38
636.408
8.32
146.76
7.98
10.464
14.94
108.92
32.96
587.97
915.14
327.76
1139.92
3.38
33.088
62.048
91.056
10.56
8.448
80.98
21.36
82.8
574.91
45.696
7.218
43.188
131.904
142.776
471.92
1071.576
1579.746
613.908
93.78
32.67
4.448
19.68
35.88
30.44
11.43
53.4
47.18
155.04
5.184
15.552
34.86
16
12.96
126.624
1198.33
122.352
30.768
111
8.016
18.936
21.376
1856.19
1279.968
22638.48
821.3
20.016
4.992
33.57
11.808
26.16
170.24
323.976
218.376
32.952
9.32
6.048
7.408
122.94
14.4
59.2
122.97
16.272
3499.93
314.352
16.28
51.465
7.644
74.352
9.912
330.4
604.752
40.48
24.9
366.786
25.44
14.88
6.56
45.48
3.36
27.936
18.75
66.3
28.784
330.588
1184.72
6.12
302.376
890.841
205.666
127.302
10.5
49.65
335.72
44.4
129.3
15.84
251.944
1125.488
52.98
4.032
1.869
12.645
8.134
0.852
673.568
79.984
17.088
6.24
29.6
66.96
177.68
154.9
33.488
26.72
15.84
1049.93
11.16
159.98
62.31
5.47
79.36
7.184
18.9
12.96
19.44
232.55
99.98
22.96
26.7
13.89
22.96
115.36
40.2
12.96
55.48
689.82
52.096
49.632
4164.05
28.99
91.96
33.11
653.55
154.764
70.95
65.568
44.91
55.48
19.44
10.304
33.9
299.97
116.784
8.96
122.97
58.32
629.95
200.97
1215.92
99.592
172.11
2.368
49.792
19.008
399.96
9.584
6.912
10.368
87.08
335.944
383.976
217.44
105.584
758.352
308.499
39.68
18.088
32.4
438.368
1075.088
17.856
509.97
30.992
7.83
71.928
187.76
106.96
39.072
317.058
10.75
2.688
13.12
149.352
11.62
227.976
287.968
76.14
58.05
71.28
59.92
744.1
401.59
44.84
16.52
828.84
9.912
247.84
281.372
281.372
22.336
7.488
2.502
48.91
1487.04
303.25
270.72
6.24
10.368
302.376
230.28
21.4
18.288
12.6
5.34
20.86
3.15
6.912
497.61
177.568
27.096
159.98
1679.96
561.584
51.96
17.46
17.94
99.92
19.98
174.95
826
47.79
26.136
479.984
10.896
40.176
21.56
27.46
12.18
57.68
37.84
46.8
5.472
127.869
6.56
11.88
35.44
24.56
9.42
45.248
107.94
140.736
5.78
872.32
194.25
8.64
16.14
872.32
194.25
8.64
16.14
1799.97
9.45
20.65
45.36
83.25
167.97
67.8
349.965
256.784
22.32
158.13
39.96
41.04
1432
43.6
1212.96
66.112
35.91
104.58
17.472
46.864
58.112
100.792
34.79
700.056
279.456
398.352
7.104
8
55.5
149.97
310.88
232.88
56.4
91.68
149.232
15.936
3.984
779.796
57.42
34.2
139.86
10.332
33.28
38.52
10.368
66.96
20.784
518.27
6.98
343.2
107.772
245.88
31.84
18.24
447.86
2715.93
56.064
4.832
17.94
617.97
245.88
447.86
17.94
135.98
44.95
208.16
21.168
17.96
3.282
12.96
5.04
55.188
116.28
29.32
75.6
14.62
290.666
225.296
359.772
13.392
48.4
102.624
201.584
83.984
567.12
17.46
359.32
99.99
1113.504
136.96
27.6
57.408
355.455
235.95
70.368
25.584
13.62
39.96
719.976
464
113.73
659.97
2001.86
22.2
1503.25
65.52
289.2
45.48
138.56
25.92
47.88
166.72
881.93
73.32
8.56
59.808
356.94
239.97
61.544
515.88
15.28
15.936
132.696
353.568
13.96
56.96
15.56
16.224
991.764
13.36
1.365
24.588
149.544
13.984
100.24
62.016
17.14
268.935
12.462
170.352
585.552
68.48
1676.88
48.86
37.4
1706.184
1441.3
114.9
70.368
18.06
7.28
23.1
18.504
79.14
7.36
63.984
7.992
911.424
907.152
491.55
14.52
212.94
797.944
99.918
8.568
36.544
647.84
35
39.552
41.4
6.24
3266.376
17.9
62.016
65.97
139.8
74.352
193.0656
471.9
3.52
3.392
11.648
15.552
509.488
418.8
201.584
3.984
104.01
59.7
44.416
3.76
21.4
9.006
11.088
25.164
24.896
19.65
36.84
95.968
206.991
1214.85
284.82
617.97
1322.93
853.93
170.058
8.226
501.81
161.94
196.752
82.782
20.016
3.104
86.376
4.272
447.84
9.328
71.632
263.96
85.98
306.2
223.96
1228.465
3.168
31.086
6.08
41.472
335.52
32.76
13.92
6.6
32.4
5.248
334.768
2.688
21.312
310.688
25.92
5.184
19.92
575.92
5.58
73.98
32.432
15.6
177.536
21.84
19.52
213.216
4.368
180.96
9.81
14.62
19.44
281.424
220.776
479.97
478.48
559.992
172.186
69.008
63.882
502.488
196.704
119.833
5.56
14.304
41.904
2.88
14.352
32.4
10.368
23.92
854.94
124.11
18.28
14.4
177.2
10.368
49.12
575.968
197.97
164.85
123.136
512.358
698.352
22.288
11.264
7.712
3.488
35.856
16.032
249.75
23.84
255.936
351.216
31.984
39.48
41.584
17.94
29.932
55.92
38.272
13.494
23.988
6.54
2.97
259.136
13.904
70.56
6.096
3.81
20.88
359.98
981.372
43.02
16.74
13.12
27.36
8.704
89.712
104.85
19.92
11.96
22.83
535.41
25.984
342.864
41.94
801.568
657.93
272.848
4.992
99.2
1.044
87.92
35.98
717.72
170.352
5.96
11.52
19.68
236.5
26.632
159.98
9.24
8.16
40.7
99.98
479.04
45
1023.936
604.752
302.376
77.92
6.48
53.72
8187.65
15.52
67.88
674.352
25.71
134.01
17.496
4.836
16.784
8.88
2177.584
162.89
123.552
111.93
431.136
170.97
911.984
65.78
276.28
238
129.888
48.944
14.32
1367.84
44.128
62.92
19.752
5.68
17.544
78.304
26.7
838.38
21.2
218.75
2.6
39.96
93.024
21.36
102.3
101.96
1089.75
16.4
13.184
447.84
259.74
158.9
255.42
399.96
1133.35
340.144
489.23
79.47
4.56
15.96
45.98
20.94
110.96
15.78
16.36
135.99
62.91
199.98
155.456
121.376
327.76
53.88
167.535
76.12
38.34
423.28
95.976
549.99
1199.976
299.98
445.96
113.92
39.66
447.86
9.345
2060.744
4.464
20.88
5.98
15.552
219.168
1091.168
178.384
12.35
40.97
22.96
375.34
85.44
211.248
47.96
14.04
196.21
2.952
31.104
5.552
272.61
158.928
806.336
195.136
152.91
152.24
62.94
17.856
30.96
46.44
92.94
91.36
853.092
17.96
12.67
114.2
15.552
339.96
638.82
289.24
10.72
69.456
76.776
344.91
9.184
19.44
387.99
500.24
421.372
896.99
20.12
3.912
11.56
7.632
4.224
49.568
31.104
223.056
15.552
19.44
25.92
45.92
6.8
143.64
13.28
12.672
8.288
25.5
6.28
6.528
20.856
25.68
12.384
2.862
130.464
4.72
40.096
23.976
25.92
48.84
95.1
1007.944
10.68
8.64
17.34
3.38
176.8
149.97
29.12
1202.94
8.56
22.72
13.36
579.95
213.48
174.0585
505.176
29.808
13.36
109.92
25.3
95.94
92.52
53.94
3.648
23.744
31.104
357
70.71
19.9
57.75
21.24
1793.98
14.94
475.944
239.976
559.71
7.68
14.4
31.984
264.32
41.88
58.48
161.96
42.368
57.69
821.88
429.9
200.795
21.864
2.92
32.06
42.81
3.828
83.92
304.99
13.16
20.56
12.96
64.784
19.86
27.36
46.688
399.54
104.85
196.776
377.97
32.382
975.92
1740.06
966.7
172.764
16.78
177.98
56.65
303.84
32.064
5.88
3.52
9.936
8.608
51.184
45
4.02
182.112
17.904
485.88
275.928
14.97
83.88
49.98
32.97
209.97
8159.952
143.976
785.88
17.472
60.672
30.816
103.6
15.552
166.44
10.896
26.2
1325.85
64.704
1299.99
135.516
1487.04
254.9
81.92
9.64
21.728
14.88
127.95
3785.292
40.56
166.84
63.924
5.18
331.96
10.368
357.93
57.4
15.216
69.99
340.116
14.19
22.66
5.46
18.648
2.502
5.7
48.94
15.552
79.4
7.3
118
199.98
144.96
252
9.96
142.4
13.128
464.292
52.448
601.3
13
8.552
7.16
68.46
11.07
6.048
20.16
44.82
6.848
449.15
2799.96
287.97
16.99
103.936
14.56
14.94
33.552
35.34
38.256
5.248
137.24
5.892
182.94
40.24
4.624
148.704
57.93
30.28
47.984
55.92
29.925
887.103
73.915
5.67
7.16
92.52
67.344
3059.982
2624.985
2519.958
362.94
801.568
493.43
631.782
164.22
617.7
43.92
30.98
2.816
20.232
9.96
75.18
21.72
8.56
59.98
11.12
1349.91
629.95
37.68
8.544
25.96
36.27
59.52
66.03
6.57
15.56
78.35
20.808
6.48
38.52
19.35
11.352
1799.97
239.984
246.384
579.528
97.44
13.04
3.984
4.608
169.45
40.68
331.536
435.999
9.84
12.94
9449.95
139.44
18.464
11.12
34.5
28.8
32.4
404.9
83.984
211.96
391.98
437.85
300.5328
14.576
2.724
3.264
33.792
585.552
145.568
21.184
41.376
16.704
143.952
5.97
0.876
32.896
19.44
310.12
3.152
153.824
603.92
87.54
81.98
337.088
96.256
10.688
46.26
10.688
117.36
6.16
204.6
2348.82
67.176
409.272
4.224
10.048
8.72
18.9
55.44
20.928
77.52
6.48
807.75
1395.54
62.18
1801.632
686.32
15.24
69.216
795.408
43.176
48.94
15.552
4.71
12.768
4.672
9.408
15.36
7.16
230.376
318.4
122.352
258.279
31.776
143.432
6.192
55.984
1.788
14.48
15.072
4.344
4.928
61.568
142.488
589.41
95.648
29.24
14.45
91.92
99.98
435.17
72.9
206.35
15.8
14.9
7.99
15.36
83.92
386.34
9.09
129.92
107.44
123.92
23.472
144.6
88.768
15.992
122.352
46.872
255.85
18.264
0.898
11.98
15.28
101.994
719.952
755.944
433.568
63.47
8.92
7.64
201.432
7.31
31.92
281.904
345
14.9
21.39
22.24
245.98
1298.55
213.92
11.52
15.18
7.752
18.94
36.4
315.2
25.78
22.96
1628.82
3.16
2.946
22.92
19.136
322.192
79.45
269.9
177
1999.96
183.372
15.384
7.968
14.352
179.97
5.312
10.78
119.976
545.88
605.34
1.344
52.512
61.96
10.048
275.97
186.912
1394.95
2.992
20.064
18.75
146.73
13.44
117.576
321.552
117.576
56.56
32.7
328.59
8.682
24.424
3.808
98.352
211.96
505.32
319.968
409.59
591.32
121.792
2.84
36.36
194.7
129.92
93.888
34.272
11.85
10.368
13.698
49.408
40.776
63.92
383.96
11.952
10.368
616.998
7.184
141.4
480.74
6.28
257.98
75.88
1.98
2735.952
1604.9
146.352
17.67
14.76
385.686
1421.664
12.39
49.25
15.968
34.08
19.296
11.34
64.74
10.16
405.64
80.3
251.91
742.336
73.584
68.704
31.68
533.94
76.12
10.272
43.176
5.64
3.132
22.428
7.52
47.808
44.4
15.696
167.94
21.4
69.52
443.92
155.976
1983.968
978.84
89.34
19.242
34.86
362.92
41.94
799.92
539.964
50.232
46.384
52.792
88.776
410.352
945.036
6.72
5.76
48.896
14.301
7.856
3.488
143.856
25.984
286.344
11.64
89.97
783.96
135.882
35.34
573.728
58.24
2.94
52.064
21.936
8.376
19.44
43.57
360
3991.98
447.968
666.344
275.94
149.9
20.04
273.568
13.194
1080.096
51.56
47.79
58.416
43.68
683.144
245.88
120.768
1.476
26.046
123.144
12.39
74.352
5.92
30.18
25.92
22.58
36.63
40.712
333.576
222.666
56.52
62.65
94.85
92.52
340.92
703.968
563.94
39.88
53.2
3.9
39.84
12.84
62.24
15.84
535.41
62.94
10.99
601.536
521.96
603.92
112.648
797.944
10.984
23.968
7.78
22.98
3.392
30.48
67.56
1.234
896.99
2033.584
262.336
46.35
123.92
21.72
223.92
665.88
7.3
102.13
559.984
575.928
148.48
241.176
67.9932
25.128
629.064
2.672
7.872
11.96
36.288
49.632
16.656
127.984
79.512
69.264
11.52
12.72
43.8
32.4
11.36
20.736
832.93
10.11
333.056
4.224
604.656
24.896
10.95
20.46
772.47
305.9745
37.296
29.12
78.35
5.22
31.68
169.45
344.91
273.96
79.968
4007.84
479.9
657.93
124.41
241.44
57.75
2152.776
7.08
12.448
733.95
34.44
2934.33
99.98
424.116
392.94
60.312
8.544
137.54
145.98
292.1
730.2
14.48
11.808
50.997
1.944
2.892
35.808
21.98
381.72
67.15
76.792
539.964
9.588
1025.88
213.08
9.96
22.5
166.44
5.88
221.16
29
47.496
281.97
4548.81
503.96
149.95
12.96
34.74
25.92
833.94
5.46
1.632
6.58
12.96
629.1
193.95
94.99
36.99
267.96
675.12
319.9
6.928
9.98
11.36
16.23
9.96
53.82
381.44
603.92
155.372
6.368
34.176
14.67
23.472
62.808
21.84
23.68
29.99
5.544
611.058
120.712
151.72
111.15
35.168
151.92
2.624
5.742
12.096
196.62
25.92
144.12
15.96
197.58
646.2
485.88
111.79
1049.97
1502.376
99.12
99.12
275.952
725.344
6.096
52.96
23.88
1218.735
320.88
51.016
7.44
5.904
2.52
26.76
15.696
1117.92
24.672
539.92
19.3
40.54
17.088
12.912
7.312
4.32
93.15
11.52
81.98
15.552
14.94
669.08
438.336
279.96
199.9
3.76
411.332
397.6
43.68
14.67
13.12
45.66
17.248
64.02
41.4
85.96
7.36
139.93
998.85
12.624
30.4
5.04
25.06
575.92
6.642
62.28
47.992
102.24
909.72
2807.84
674.058
8.128
58.2
9.82
45.84
46.64
36.288
659.988
95.968
271.9
883.92
239.84
58.36
39.96
60.72
2.394
16.464
46.72
15.66
15.24
146.82
5.95
119.8
119.96
58.36
39.96
16.464
25.92
479.96
129.98
25.08
16.9
250.26
1113.024
26.46
29.94
348.488
15
98.376
49.12
17.472
172.736
24.56
24.816
408.744
179.94
36.738
167.968
10.776
23.976
275.49
214.95
14.016
4.6
42.208
1261.33
53.424
35.168
35.04
8.64
164.88
105.52
269.36
603.92
39.88
79.44
6.456
27.888
11.52
10.368
45.68
60.416
39.072
13.88
103.92
52.68
20.388
30.672
8.448
10.688
34.68
237.096
100.704
1079.976
338.352
106.344
25.92
91.36
11.36
254.9745
9.24
43.31
12.54
3610.848
764.688
210.392
23.472
8.94
87.96
94.428
5.214
12.39
90.24
2.92
186.304
136.53
2.624
5.104
9.264
2.896
35.016
263.96
6999.96
526.58
17.28
73.85
25.71
1199.98
445.802
763.28
8.544
6.16
40.68
1013.832
1403.92
241.568
8.624
56.568
29.46
44.46
1.167
1.984
36.288
114.2
395
99.98
319.968
627.168
40.05
5.484
1819.86
4.812
152.76
22.55
14.62
15.552
32.592
7.27
247.8
583.8
211.168
323.976
662.88
242.352
192.186
51.968
190.848
455.1
2244.48
19.432
43.512
47.3
4.13
155.12
62.31
1103.97
487.984
31.05
3.69
221.92
25.92
8.448
122.48
447.944
71.976
65.44
94.2
572.16
1325.76
18.24
17.28
11.76
17.904
296.712
124.032
132.16
216.4
64.784
53.316
207.24
56.52
1.344
5.184
45.528
424.272
83.92
292.272
23.99
30.36
361.96
13.97
9.568
20.34
142.86
62.85
173.656
818.376
230.352
600.558
3.48
218.352
300.416
34.656
81.552
8.016
8.69
78.6
27.552
18.264
191.88
227.136
11.91
767.214
230.28
32.952
182.352
10.98
4.984
37.056
946.764
7.86
11.56
23.92
12.84
30.016
118.16
51.45
498
1737.18
99.136
141.76
704.25
998.82
51.15
38.976
24.9
70.56
8.736
48.36
14.352
274.77
88.8
21.12
24.56
33.29
119.8
767.952
319.968
191.976
23.976
19.6
101.12
68.46
68.46
68.46
19.6
19.6
523.764
122.94
9.84
2.286
35.448
551.985
12.984
39.128
47.984
27.968
328.776
251.964
217.584
3.024
341.96
1573.488
605.88
63.2
29.68
49.568
18.9
14.94
195.64
47.53
113.97
1687.8
34.77
475.944
452.45
9.84
23.68
20.04
85.52
89.584
1188
62.982
1352.3976
7.056
10.368
398.4
192.22
32.34
39.9
61.584
87.36
59.52
56.16
13.168
17.48
1.938
29.6
163.44
42.76
106.32
51.55
1018.104
10.368
465.18
10.384
26.376
107.118
235.188
77.6
464.85
70.008
9.82
254.744
6.68
88.96
6.68
199.304
102.438
24.3
9.48
31.4
6.48
209.5
14.62
29.04
13.12
182.72
181.986
2803.92
431.976
155.37
4297.644
227.36
14.304
1919.976
53.34
32.96
12.96
90.882
28.4
136.92
12.144
74.52
149.97
283.92
1268.82
5.68
5.28
2.934
29.9
146.73
670.752
18.528
311.15
12.96
5.76
5.81
9.54
107.982
203.92
40.784
40.096
20.8
479.952
77.24
14.352
14.952
2.286
26.424
71.976
625.99
323.982
541.44
11.52
41.72
19.44
13.36
139.95
699.98
134.97
87.71
36.84
35.88
35.544
9.24
61.06
286.79
29.99
2541.98
49.12
79.36
26.88
10.896
3.15
22.72
493.92
16.032
4.419
538.92
105.98
389.696
161.568
1227.9984
184.752
3.552
55.328
58.72
15.984
95.84
787.53
10.16
101.88
383.607
99.372
4.712
33.568
180.98
60.69
11.212
2.556
29.34
7.104
563.4
60.416
10.312
31.92
466.158
23.92
435.26
1119.984
30.44
69.28
119.85
587.97
512.94
860.93
373.08
3.408
14.98
8.568
19.44
769.95
4.608
113.52
359.88
1.112
89.82
6.408
30.88
8.688
5.04
141.96
915.136
327.76
915.136
327.76
671.94
16.52
19.44
16.776
43.13
171.96
2.74
17.52
8.34
6354.95
7.38
491.55
46.74
85.9
33.82
15.02
383.4656
17.568
10.9
14.62
65.584
14.496
11.96
40.14
209.7
1247.64
33.36
3149.93
453.576
2.512
1087.936
49.848
23.99
18.864
51.84
83.92
29.304
199.98
962.08
12.843
295.456
9.48
91.96
19.56
14.112
105.52
129.568
150.408
18.392
447.944
15.984
1487.976
107.772
31.56
33.36
192.72
27.92
239.97
359.058
46.9
6.992
3393.68
13.11
74.352
40.032
1085.42
16.776
83.7
22.92
5.232
33.4
15.552
166.24
1166.92
19.92
73.28
5.56
9.87
212.64
17.64
53.25
366.744
23.52
180.96
22.38
98.376
79.96
32.192
9.156
50.12
47.976
71.976
87.8
108.4
644.076
11.16
82.344
12.76
9.088
5.84
599.98
10.95
352.45
892.224
7.584
547.136
98.112
23.84
10.428
157.794
23.904
563.808
239.94
14.85
41.988
42.048
9.648
6.9
47.952
7.968
25.488
463.248
11.736
25.92
22.58
383.952
369.912
370.14
17.94
14.67
12.832
142.04
54.528
67.36
406.6
52.76
85.14
639.968
21.99
40.74
37.68
609.98
241.568
211.372
710.832
75.84
17.43
31.104
54.816
10.744
12.88
199.96
239.976
479.92
258.576
35.208
523.26
127.764
1196.86
45.216
7.872
9.14
55.47
12.576
1.448
10.416
43.56
1439.968
569.64
118.782
1447.65
10.71
5.56
62.296
11.96
323.37
99.6
783.96
56.686
89.99
6.16
74.352
7.872
1.476
4.312
38.22
75.18
21.93
61.96
15.552
115.44
947.17
106.5
41.424
97.968
244.768
19.568
310.392
595.38
180.96
12.96
117.456
287.97
191.96
209.88
21.3
469.95
64.14
88.776
25.99
128.058
272.4
206.43
57.75
13.944
21.34
221.024
831.936
63.936
408.422
97.04
191.5155
59.52
2.624
50.352
72.784
311.976
1267.53
43.56
22.74
5.84
1379.92
8.652
186.732
12.176
3812.97
23.832
7.968
213.115
24.3
9.48
31.4
34.65
6.48
19.8
209.5
1022.97
63.552
172.704
12.176
37.32
35.06
41.376
88.752
8.856
158.376
844.116
665.88
23.696
18.2
8.82
59.904
49.568
62.496
13.848
7.968
76.752
339.96
27.552
22.288
26.8
125.93
946.344
244.006
15.936
45.68
24.3
19.6
39.96
31.4
127.764
123.96
79.44
8.352
5.248
43.98
19.44
37.94
357.93
2799.944
377.97
48.81
70.97
36.784
46.688
191.968
21.968
14.592
127.904
12.84
25.68
36.63
201.584
619.152
16
222.384
509.9575
97.568
722.352
122.91
2.696
198.272
18.588
4.896
200.984
47.36
97.696
1117.92
17.94
51.968
255.968
33.28
31.5
14.088
55.6
10.86
163.136
6.408
20.768
24.588
26.976
8.26
104.79
2973.32
775.728
75.33
850.5
121.792
19.194
186.69
51.45
602.651
7.656
14.73
845.728
21.24
127.96
32.368
22.368
207.984
467.04
105.686
104.93
20.24
12.224
153.728
18.272
167.944
399.54
47.82
6.63
6.096
13.05
45.36
77.55
535.41
16.24
45.99
317.058
41.568
167.76
8.04
12.39
85.056
32.4
540.57
160.32
151.96
128.85
239.97
1406.86
2567.84
8.28
22.2
51.56
10.272
3.564
7.56
5.904
15.75
173.488
58.38
274.8
105.52
323.1
80.88
62.18
5.728
403.68
28.91
11.76
42.24
299.98
41.9
35.28
9.26
7.38
30.44
119.98
989.97
1522.638
10.56
8.016
18.312
7.52
25.92
173.208
143.128
4.448
18.264
9
42.24
173.488
516.96
2.376
355.36
113.1
38.52
64.2
12.96
72.6
140.376
1123.92
48.672
29.16
60.768
56.3
3.768
36.26
78.6
32.4
1036.624
563.808
53.7
249.584
43.296
20.736
29.9
24.56
55.984
3.424
24.78
19.14
29.84
36.624
8.26
6.48
32.4
67.98
899.97
51.072
40.256
364.704
9.568
82.368
11.672
225.576
197.372
3050.376
28.752
6.208
27.216
133.98
643.136
60.84
75.36
51.98
13.632
6.129
9.156
34.6
4.536
33.02
11.952
20.736
450.04
467.97
12.56
5.792
186.69
5.904
6.48
228.92
257.64
319.984
125.944
125.976
107.976
796.425
1217.568
4.96
27.42
165.98
5.43
75
217.584
143.976
201.568
204.85
75.384
20.96
0.984
88.752
4.608
47.952
31.104
304.23
78.256
332.94
43.04
143.96
43.056
15.42
41.9
971.88
482.94
621.76
140.75
119.56
5.904
15.552
117.882
20.104
24.96
269.98
382.116
408.422
159.84
32.784
2.892
11.952
11.168
9.392
15.552
19.44
435.504
68.6
74.24
70.98
168.464
282.888
294.93
6.72
15.48
22.848
1099.96
4.928
4.928
19
7.23
11.784
38.976
34.8
301.96
170.352
155.82
13.96
11.12
601.65
124.95
21.12
181.96
48.632
5.16
79.36
122.94
43.68
84.09
153.36
15.8
12.39
6.58
98.21
464.97
269.982
3.366
39.92
341.488
25.344
289.8
199.836
11.12
98.352
6.48
2.502
221.06
29.97
716
383.607
7.76
6.912
1.928
537.544
307.168
148.48
659.168
1931.04
11.808
41.568
38.88
9.96
127.764
441.92
18.496
272.736
1348.704
700.152
150.98
137.25
11.52
80.88
599.9
195.466
231.92
14.432
6.264
7.38
5.76
3.328
519.96
135.99
2.025
913.43
384.944
2.88
106.75
26.4
97.82
34.76
141.4
831.2
153.584
128.82
68.94
10.512
20.94
135.09
90.06
279.86
704.9
561.568
358.58
25.176
98.46
9.42
12.96
623.96
266.352
393.165
99.2
9.144
23.136
167.86
10.368
29.97
155.88
5.28
10.92
61.792
209.93
1090.782
19.44
52.59
2309.65
239.7
1004.976
6.72
110.98
277.5
6.368
8.4
199.98
558.4
128.85
14.76
1.362
33.488
23.04
369.1992
6.23
35.52
56.704
27.216
212.94
77.58
106.8
19.152
28.4
3.304
25.06
494.97
144.784
113.92
39.66
447.86
7.28
6.608
79.99
7.28
6.608
144.784
687.4
10.02
6.16
47.04
382.806
622.45
2.2
1217.568
10.65
4.608
143.7
144.12
41.96
21.98
247.8
979.95
307.98
133.472
29.79
64.75
41.4
3.75
438.368
139.944
46.152
11.96
138
31.56
64.68
50.8
11.36
5.64
422.856
104.23
323.1
70.26
301.47
254.352
2.304
3.762
2.724
5.04
10.272
313.024
10.368
44.688
31.176
1879.96
519.792
10.272
52.2
36.288
252.8
30.08
586.398
544.008
598.458
25.984
35.76
17.52
12.828
99.588
59.94
23.92
49.568
4.28
80.98
663.072
3.488
21.728
16.52
50.112
5.768
542.94
25.86
12.032
8.64
10.368
193.8
97.88
21.4
31.68
251.91
14.91
284.364
918.785
7.152
2.724
6.912
999.432
724.08
435.504
26
79.96
3080
26.982
587.97
40.784
20.104
7.88
105.96
3.798
5.104
3.08
114.2
484.65
32.94
307.666
4.16
103.481
41.36
728.82
892.35
470.36
2799.96
43.176
1099.96
114.52
131.98
1552.831
137.24
58.32
20.96
36.51
239.976
555.96
60.74
124.36
114.6
4.752
14.368
1088.76
959.984
129.568
238.152
137.62
6.368
200.984
52.512
7.5
31.44
120.33
36.336
666.248
17.9
129.45
100.49
9.762
7.656
15.28
4.36
279.9
134.376
619.95
411.332
293.199
67.96
6.16
16.27
28.752
4.47
36.84
69.12
271.764
191.82
85.98
8.39
6.096
46.62
3.444
7.24
46.32
337.98
47.516
481.176
27.414
140.736
6.096
4.923
9.522
7.24
13.96
70.26
671.93
90
559.93
791.964
21.36
26.4
41.88
6.68
361.96
179.886
106.68
61.96
6.08
14.94
278.82
353.88
51.52
24.64
210.68
8.92
111.04
265.86
181.35
209.6
31.05
8.64
38.88
772.68
78.8
19.99
9.26
27.18
1.24
12.6
20.7
28.9
105.98
21.98
479.984
1516.2
717.72
170.072
207.35
129.93
44.67
131.88
13.092
25.032
2.412
7.824
209.7
69.93
199.96
170.136
912.75
12.96
25.9
991.2
269.49
879.984
46.384
1056.86
15.712
55.968
801.96
24.32
79.872
3.576
15.552
12.96
190.86
24.672
147.184
59.97
31.12
2003.92
3083.43
4228.704
199.764
21.936
124.2
344.22
15.76
86.304
6.588
9.618
6.858
25.032
3.264
87.71
110.96
32.4
14.9
94.6
87.168
659.9
67.8
209.97
24.4
11.68
65.08
19.92
18.54
160.72
636.86
443.92
41.96
7.3
16.9
717.12
499.99
1259.93
61.96
60.84
8.4
22.96
66.36
279.86
2.808
1369.764
37.68
24.448
45.584
61.4
294.368
24.448
194.32
1690.04
542.94
601.536
4.928
85.3
25.99
14.6
121.96
7.9
23.92
63.96
85.96
199.74
887.84
151.2
629.95
589.9
113.73
946.344
47.98
204.6
61.44
2.816
3.204
12
32.4
25.424
720.064
55.6
617.976
1408.1
517.5
14.91
1158.12
6.848
16.464
14.576
17.12
35.96
14.952
15.24
6.732
39.98
15.84
24.424
33.568
23.2
35.12
821.94
102.582
307.136
1044.63
128.744
6.7
10.76
6.336
3.264
68.62
14.46
2.946
2.469
17.48
12.6
45.68
20.04
10.48
63.96
159.98
899.91
104.98
60.672
79.056
72.588
77.031
121.104
2.08
124.46
34.44
141.76
86.272
31.104
119.904
64.17
363.648
50
239.8
629.93
263.96
1114.4
45.894
24.288
16.4
99.2
15.08
154.9
146.82
25.92
12.96
15.51
1871.88
43.26
43.56
186.15
293.52
1.08
81.792
12.536
4.512
47.19
307.98
36.784
22.45
2.992
139.424
108.768
572.8
311.98
11.032
7.38
26.9
7.38
11.808
57.504
53.568
51.12
94.85
19.44
270.34
10.944
90
53.04
503.96
35.49
120.666
32.07
15.008
47.984
24
392.94
64.944
20.736
26.96
66.294
291.168
28.84
46.2
77.55
288
53.04
145.9
72.78
3.44
389.97
269.91
29.403
37.376
1.872
11.214
57.96
23.92
30.84
619.95
631.96
29.16
362.136
8.016
31.05
45.36
1801.632
957.5775
22.368
31.95
626.352
899.136
209.67
19.9
12.56
51.84
81.96
17.9
71.76
263.96
135.72
287.94
83.72
2453.43
17.14
131.376
3.96
4.464
5.344
339.96
263.88
824.97
77.88
10.11
73.164
17.94
27.696
249.584
1640.7
1.72
38.28
34.44
270
149.95
2.21
16.02
74.76
364.776
24.56
239.97
5.176
9.952
842.352
240.784
191.968
10.688
6.08
3.592
11.8
60.736
36.288
11.56
148.32
479.976
150.384
55.944
11.824
454.272
347.361
3.592
10.368
15.552
582.336
291.1
253.176
79.36
60.45
158.99
203.88
14.301
146.544
5.76
131.904
718.64
68.72
105.584
33.11
24.1
10.67
36.63
210.84
33.4
15.488
182.91
439.992
59.994
1035.8
299.9
87.96
425.833
323.136
2.78
5.04
9.728
29.8
398.352
14.28
14.75
79.96
17.45
427.42
19.98
46.84
70.12
29.7
1295.84
327.564
205.164
259.7
301.96
7.88
3.168
13.52
1399.93
35.36
4.95
42.95
503.96
512.499
2621.322
109.764
96.96
1038.84
197.72
117.488
29.372
11.952
447.93
344.704
1448.82
42.6
6.608
89.97
1212.848
207
387.136
7.218
25.344
98.352
19.824
62.8
27.2
4.401
7.08
190.72
715.2
64.96
23.64
32.06
1345.485
16.146
24.4
26.18
7.3
76.64
177.648
84.784
287.91
4404.9
577.764
4.712
186.54
11.82
66.69
44.43
27.9
265.86
11.65
39.879
91.68
52.272
10.476
31.504
5
5.04
5.04
92.94
17.94
67.15
119.9
371.97
4643.8
226.2
263.96
549.98
1024.38
10.74
17.22
26.22
12.24
2.48
17.34
11.352
17.94
244.55
13.98
899.95
2321.9
29.22
715.64
74.76
795.51
577.584
714.3
79.9
549.99
123.858
418.32
523.92
146.136
11.76
4.662
5.238
15.56
223.888
15.7
15.552
64.784
100.792
613.9992
683.332
299.97
63.98
17.496
102.36
9.872
36.882
121.104
63.77
42.28
115.296
96.08
29.96
84.96
238.896
111.96
50.97
89.98
377.97
339.96
230.352
883.84
76.14
826.11
19.96
33.96
8.72
37
91.176
47.984
59.9
37.6
159.968
39.96
119.04
166.92
34.944
11.364
250.272
70.95
8.72
185.58
34.504
696.42
653.55
214.11
523.25
18.9
179.82
21.488
999.96
239.976
304.776
225.568
1323.9
36.6
80.96
106.32
32.4
777.21
304.9
541.24
40.92
415.968
141.96
31.08
5.984
861.76
290.352
186.048
145.764
572.16
344.372
32.04
22.14
63.824
119.04
11.52
19.46
60.45
9.612
4.896
89.696
24.192
62.88
7.23
50.12
19.65
17.44
141.552
13.98
479.988
72.744
141.96
246.1328
396.802
18.176
1252.704
325.632
19.75
24.588
5.344
10.92
1.696
7.98
66.048
11.696
16.52
15.88
393.54
23.344
439.992
83.9
110.97
206.962
68.81
17.12
2.544
11.61
2.946
55.104
37.94
59.94
42.8
14.94
33.63
27.168
32.985
2625.12
13.12
17.94
23.912
16.56
335.52
44.1
38.88
27.056
307.98
79.76
14.7
25.824
91.392
3.168
368.91
19.44
146.73
454.86
13.98
13.12
692.472
14.73
61.04
10.95
104.9
599.99
170.98
283.92
38.97
375.4575
446.068
29.79
6.24
113.82
40.08
59.94
154.9
107.97
104.97
83.976
259.98
83.97
748.752
68.16
12.132
71.12
322.59
151.96
45.28
8.28
62.24
3.008
335.52
53.92
82.368
647.904
1106.91
301.96
555.21
56.3
161.82
8.784
4.304
19.92
523.48
21.48
681.408
335.744
17.088
80.96
98.352
3.882
6.048
152.991
17.48
71.88
10.584
23.66
25.92
177.48
94.92
2003.92
2676.672
6.688
1913.4
3.64
13.9
55.424
63.96
18.54
19.44
114.2
32.4
61.68
146.73
58.36
39.96
16.464
359.499
77.952
2.96
9.344
95.97
590.352
10.752
16.448
184.66
36.784
482.34
105.584
364.41
361.764
384.174
36.4
28.44
25.08
16.9
36.96
1598.058
8.226
271.44
17.94
85.96
110.352
39.96
1799.75
361.764
39.96
164.646
97.424
44.46
45.04
152.8
26.064
232.4
12.224
12.6
22.68
39
47.984
70.686
206.112
113.92
7.78
120.15
86.304
37.376
2.772
14.832
14.94
6.48
41.86
19.92
198.272
32.75
6.48
8.96
1325.85
247.104
1619.91
999.98
219.184
485.94
173.94
283.92
79.92
152.94
21.36
6.688
3.96
2.61
12.96
773.94
360.712
15.696
221.96
236
1718.4
119.96
34.02
542.94
191.96
801.96
53.088
27.36
3.9
1.78
56.3
2.61
5.76
7.31
26.4
25.92
44.75
184.66
41.28
101.94
25.488
799.984
134.99
69.576
54.92
52.416
364.95
13.12
4.224
12.828
10.332
110.528
23
196.62
85.056
27.696
46.344
159.984
58.08
175.23
125.99
348.928
166.5
2.21
8.22
24.448
15.52
7.86
36.44
32.4
97.88
360.38
25.76
22.368
299.94
15.52
36.44
22.368
134.48
29.2
37.88
9.96
12.96
19.44
248.85
36.24
494.376
15.24
6.16
29.22
273.568
56.3
34.248
55.264
8.096
3.76
6.48
50
319.968
262.864
103.92
3.28
51.312
2025.36
899.91
1799.994
246.168
101.988
4.98
546.66
302.94
142.36
41.552
212.13
16.4
13.12
204.85
29.52
92.96
180.016
135.984
20.32
6.848
55.936
18.432
20.736
646.776
166.24
1053.164
434.352
3.552
88.832
7.04
5.04
6.912
29.9
116.28
1265.85
2249.91
25.488
158.376
675.96
359.058
14.368
36.27
7.92
11.696
55.48
17.12
88.8
255.968
100.8
159.984
51.756
1618.37
60.984
59.904
3.008
27.312
99.6
637.44
50.88
600.53
47.976
422.625
17.12
33.568
194.32
590.058
883.84
72.704
7.712
9.68
27.168
14.04
19.936
19.776
5.584
45.92
21.56
132.79
106.232
12.96
22.704
4899.93
479.988
111.984
449.568
160.98
275.88
547.136
414.96
3.28
157.9
9.216
12.6
9.96
17.94
17.34
10.368
843.9
1199.96
73.98
275.058
51.588
22.2
212.64
22.2
532.3992
131.104
212.058
53.352
1548.99
106.96
355.96
105.42
113.328
19.872
21.56
28.9
195.64
323.1
22.512
12.672
4.728
7.92
72.744
371.168
668.16
239.9
24.816
54.384
6.36
271.44
68.52
74.94
2548.56
287.88
14.76
364.8
60.64
3.656
76.3
116.4
94.74
487.984
3.488
152.688
5.888
173.94
231.98
1592.85
11.88
114.46
30.08
165.6
180.96
4.672
104.58
959.968
5.248
191.472
59.184
23.076
34.58
25.92
1565.88
47.616
106.05
30.828
108.784
15.168
349.95
377.928
24.85
79.92
69.98
54.992
15.552
63.312
15.588
315.776
89.568
181.797
4.66
49.536
16.52
52.34
81.98
60.12
254.97
11.648
90.57
322.59
316
371.97
29.99
6.68
1013.488
153.568
24.3
9.48
31.4
6.48
209.5
451.136
109.9
14.272
64.864
26.336
7.56
44.4
20.65
12.96
55.176
110.376
59.99
8.04
1564.29
99.98
31.36
45.98
313.722
9.21
43.12
18
428.68
39.68
48.58
435.168
626.1
17.456
1.728
50.784
26.01
156.512
305.01
1439.968
1270.99
23.36
125.36
56.7
15.552
109.592
105.52
56.45
18.69
73.784
36.4
117.96
8749.95
866.4
14.368
93.02
90.48
239.98
18.84
557.728
167.96
9.45
14.73
122.97
348.84
342.37
80.98
186.54
154.44
104.85
159.968
484.83
132.224
7.83
30.352
100
623.96
241.5
1127.976
89.97
31.86
69.93
15.92
1350.12
146.82
10.56
550.431
7.98
264.18
4.77
398.352
8.72
227.96
326.646
62.958
318.08
92.064
5.8
6.976
5.184
89.97
44.46
8.67
70.88
242.94
25.71
16.496
68.95
135.8
18.56
34.86
31.248
3.762
296.37
432.456
449.15
12.99
39.98
490.32
10.65
36.24
445.96
57.576
46.72
16.192
170.88
56.82
111.104
36.48
836.592
26.38
362.92
4899.93
159.984
563.43
35.28
637.896
447.86
36.6
2.304
42.784
166.44
3930.072
25.35
41.72
287.91
431.976
479.95
134.85
16.99
128.4
10.08
159.98
149.352
12.992
159.04
145.98
2.334
2.043
1.728
68.238
431.94
21.072
113.6
102.36
207.144
13.9
69.456
8.856
9.702
146.352
5.984
12.96
27.96
1363.96
108.576
354.9
51.8
17.94
11.21
199.75
176.784
14.9
104.696
39.992
26.85
3357.6
4158.912
30.336
76.92
244.006
17.46
481.32
45.98
770.352
154.9
29.34
30.56
12.96
19.98
676.55
386.68
28.28
127.88
557.585
157.92
160.32
51.184
23.16
1.272
51.897
46
70.08
41.24
552.56
126.08
4912.59
379.96
449.1
203.184
539.91
915.14
327.76
241.332
196.784
16.74
21.88
145.544
41.904
5.184
1352.032
528.43
4.544
22.386
319.76
45.68
83.976
971.5
901.95
39.68
32.54
199.9
129.98
84.784
189.882
871.8
72.294
20.32
14.98
31.086
72.294
86.45
697.16
16.821
20.736
10.368
11.992
84.784
528.43
99.372
1.344
13.392
3.168
167.888
58.58
301.47
18.656
22.48
403.168
59.52
1287.45
17.04
17.64
67.64
459.95
119.976
39.92
20.24
32.54
5.98
31.4
87.92
299.975
844.116
414
41.328
29.8
13.48
45.528
158.376
812.736
11.34
327.996
31.984
280.782
1317.492
7.04
30.144
59.52
263.88
88.04
30.48
9.84
14.352
3.592
31.56
20.7
161.94
63.84
10.95
12.99
35.12
1454.9
71.12
99.846
10.272
259.96
82.64
588.784
27.81
31.02
89.97
149.97
158.368
769.184
118.782
1294.75
658.746
33.528
3.64
37.94
36.744
1199.976
354.9
388.704
95.984
24.7
159.92
17.04
121.104
1088.792
8.26
8.872
17.92
30
12.96
25.92
34.4
20.04
64.96
431.928
556.665
5.28
35.352
517.9
113.76
13.568
48.032
23.2
8.904
12.96
150.66
579.51
194.352
638.288
343.92
36.624
13.208
63.9
40.99
10.272
19.44
51.984
129.552
6.12
933.536
383.8
25.06
42.976
81.2
1121.568
33.488
189.588
8.04
143.7
4.768
408.744
291.96
9.96
12.84
25.3
123.088
28.8
35.168
9099.93
257.499
18.624
79.12
29.05
36.792
79.12
344.372
127.88
203.92
6.99
9.664
1554.936
230.376
6.84
29.56
205.176
5.46
71.96
73.2
3.28
5.84
9.28
9.336
419.4
22.72
459.88
54.9
7.76
39.96
25.98
48.792
15.48
44.848
8.32
51.84
102.336
23.56
31.56
86.62
1272.63
78.272
32.13
2.88
28.485
23.952
185.376
18.088
251.52
71.97
108.336
36.24
78.304
55.92
99.99
1325.76
3.984
3.108
15.552
258.696
20.724
4.896
82.8
434.646
41.568
30.344
15.712
29.472
369.576
111.888
22.608
7.712
370.62
11.16
2.742
3.984
109.92
19.44
187.056
366.744
12.56
214.7
86.352
45.576
90.48
5.04
13.08
18.936
44.94
12.672
51.968
26.406
27.384
2.182
6
195.64
431.976
132.52
224.937
16.72
71.088
1685.88
298.776
5.728
6.72
93.248
79.14
14.352
5.98
177.48
246.168
41.6
54.712
54.48
3.208
7.216
49.568
26.176
442.764
63.68
85.232
44.4
199.95
3999.95
37.68
2.21
6.48
8.74
211.96
17.94
10.688
10.368
25.12
1006.056
58.112
48.784
8
79.36
27.86
18.528
13.184
9.344
32.04
76.64
856.656
93.98
19.136
7.072
11.96
743.988
5.98
10.02
8.67
10.96
54.9
82.368
120
631.96
30.192
79.384
4.768
57.582
13.392
10.38
31.104
185.528
43.6
8.34
91.96
7.764
511.84
13.776
15.232
282.84
27.72
17.34
552.56
173.24
22.608
27.018
2.89
2.952
7.896
14.62
30.528
65.17
17.94
104.28
641.96
39.76
35.92
87.84
242.9
21.4
47.744
9.584
454.9
1049.2
40.635
2.694
15.424
1363.96
1.964
3.798
111.96
82.656
66.26
2396.4
55.176
174.286
662.84
26.88
14.73
95.1
257.98
222.384
345
37.05
6.294
10.368
4.98
8399.976
122.382
1979.928
16.656
191.6
69.5
24.96
19.36
1267.65
388.43
484.704
41.37
26.94
34.848
1.504
9.64
5.94
45.36
19.44
14.352
10.368
12.7
184.704
63.992
47.92
371.976
211.168
3504.9
5.584
25.176
13.38
314.55
144.12
1297.368
390.272
262.24
185.88
22.72
62.192
182.72
54.9
131.6
558.4
286.4
44.76
4.448
11.277
22.75
979.95
801.568
47.4
167.84
2275.5
364.74
123.92
14.7
5.56
2.376
3.282
14.952
22.62
26.55
62.1
32.792
629.1
38.88
45.36
49.76
111.98
223.96
1979.7
839.988
125.99
79.96
191.079
32.064
7.152
18.496
10.368
179.7
11.232
51.648
30.18
64.784
71.088
136.784
419.68
4.044
61.12
11.688
177.225
7.408
14.94
75.88
25.92
1349.85
31.984
58.24
11.16
21.552
14.94
7.56
360.38
124.608
61.38
466.32
82.64
11.67
64.14
22.05
59.94
99.9
12.96
105.52
714.3
179.94
26.96
26.85
323.37
328.224
3023.928
477.6
4.784
9.648
32.4
4.73
122.352
692.94
695.7
177.48
1335.68
20.7
23.616
32.4
12.544
902.712
8.272
1.344
53.984
14.62
239.97
389.97
379.372
6.984
47.04
64.384
208.16
52.56
11.264
1.524
16.74
30.84
115.02
14.62
15.552
92.94
185.88
313.488
23.12
12.96
226.56
67.536
1007.979
68.04
140.67
19.68
70.464
310.12
33.568
18.9
377.97
599.165
8.73
1293.488
337.176
1115.17
7.04
8.64
39.936
18.464
29.29
173.488
9.45
46.35
91.475
239.666
319.41
483.136
266.352
376.866
1.68
9.84
48.48
7.96
22.5
14.56
111.96
219.84
32.4
40.74
208.56
30
566.97
453.6
4.626
76.864
6.848
14
17.12
161.568
57.69
447.696
21.78
5.16
17.712
29.718
10.368
45.056
38.88
15.552
46.76
161.94
95.968
45
6.9
21.8
353.568
36.56
186.144
0.836
3.96
18.45
21.93
122.12
25.83
19.98
146.73
324.9
93.68
835.17
862.344
241.44
8.712
104.85
4476.8
440.91
38.24
85.246
422.058
32.712
60.81
38.088
254.352
22.14
37.74
5.304
14.7
8.02
17.9
368.91
12.48
14.9
704.25
171.04
231.72
139.96
20.97
13.616
135.95
539.658
37.464
201.584
121.96
8.74
275.24
33.568
7.96
7.752
61.96
359.976
37.68
191.88
1266.86
35.97
50.12
2.496
14.2
58.34
30.53
12.96
75.06
30.84
1499.95
528.43
195.184
7.7
41.472
706.86
3.96
123.92
12.96
1279.165
25.4
25.4
43.96
27.92
177.48
71.976
253.372
287.968
215.65
60.288
45.98
9.42
5.715
2.632
10.08
23.688
48.94
12.96
45.584
2799.96
59.994
662.88
47.616
8.736
19.968
19.296
12.96
15.984
33.488
107.984
823.96
863.64
47.616
863.64
107.984
19.296
408.006
165.28
154.24
44.856
338.04
16.768
341.991
95.76
579.136
30.8
51.75
151.62
41.86
8.544
9.144
36.4
14.16
29.61
14.07
219.84
11.21
11.632
29
380.864
419.944
110.376
230.28
105.52
44.4
9.552
22.32
6.46
24.1
10.2
60.12
20.016
37.224
5.84
75.98
143.982
494.376
12.42
24.75
45.96
162.64
12.816
87.71
21.93
7.64
51.84
55.48
265.17
69.52
242.94
77.88
428.4
20.784
597
140.81
854.352
544.008
11.264
1.872
18.496
338.04
284.08
593.568
33.8
15.576
55.992
504.9
185.58
8.6
77.56
245.94
87.92
389.97
35.984
89.95
363.92
18.656
1.941
11.088
419.9
6.264
3.15
66.688
99.488
27.42
11.648
37.68
29.2
4.16
5.4
6.3
32.4
51.84
965.85
86.2
109.95
23.696
4.448
175.92
35.216
11.416
4.752
5.184
13.344
265.475
115.136
253.764
73.2
241.568
403.56
69.3
95.2
255.76
2430.08
243.88
37.17
119.616
10.44
20.936
21.48
15.712
65.5
20.62
7.89
124.25
1439.976
297.55
177.45
24.7
302.72
9.48
1369.764
20.44
18.9
109.92
2.214
27.396
84.784
704.76
715.64
9.264
9.248
1036.624
272.94
863.128
283.14
118.99
635.96
19.312
45.96
19.648
1039.728
136.464
12.544
333.576
81.54
167.28
109.8
11.784
3.98
20.952
9.82
4.13
35.06
302.384
197.05
38.34
70.88
211.168
179.97
513.024
487.92
15.24
11.168
23.34
53.952
10.56
113.92
39.66
447.86
569.536
4.338
11.88
30.816
44.784
77.56
41.86
32.4
145.764
209.148
562.2925
37.312
6.48
1591.02
1399.944
241.96
17.34
58.924
11.232
22.32
8.52
103.6
10.272
185.376
71.98
15.54
15.552
279.96
105.552
247.188
259.896
225.296
312.03
122.328
18.882
3.15
37.52
17.94
705.544
165.6
71.976
161.28
10.86
32.4
15.712
5.344
9.552
355.32
2.068
83.84
39.99
146.688
25.32
276.784
14.78
573.174
815.292
2887.056
33.44
12.672
9.216
47.52
12.96
28.048
254.97
31.984
91.96
98.328
113.552
5.76
26.352
3.318
4.312
134.288
19.44
532.704
22.608
43.1
1040.8
29.34
21.3
135.9
25.2
37.59
34.68
14.97
727.296
15.88
666.4
1.98
837.6
1603.136
1024.716
186.54
447.84
8.26
8.64
5.472
146.688
10.23
6.48
11.56
31.008
154.9
47.984
47.97
249.95
479.97
159.984
209.97
33
244.615
29
11.68
9.216
122.97
3.528
81.54
79.92
4.624
14.16
55.168
51.52
59.97
156.3728
13.14
10.024
18.432
15.48
108.576
163.88
241.92
3.486
1.788
10.584
64.624
27.93
95.976
22
786.744
47.04
37.764
100.24
54.224
290.898
339.96
23.968
191.82
376.74
11.96
29.52
26.4
3.048
24.1
4355.168
21.88
12.78
16.688
24.56
49.12
30.48
10.95
6.79
468.9
72.48
23.988
8.78
215.976
84.272
94.68
39.98
568.728
472.518
309.456
75.48
19.456
18.69
22.911
8.608
7.312
17.22
8.26
65.94
1.81
29.24
23.67
35.168
46.53
159.56
1012.68
999.98
1362.9
1091.168
344.94
198.744
14.76
83.952
87.28
1141.47
12.76
8.808
58.48
30.96
48.16
54.5
280.782
24.27
42.6
63.94
87.168
62.376
3.912
31.744
5.28
113.94
60.6
16.56
239.5
12.192
535.41
129.92
22.72
279.95
2799.96
887.271
71.246
242.94
347.802
85.246
12.22
58.248
21.204
82.8
1652.94
62.79
7.872
107.94
11.68
86.058
8.856
8.952
9.555
23.472
4.36
15.808
28.44
22.05
25.06
10.272
192.16
25.92
10.368
91.36
96.08
9.248
194.94
70.95
93.456
116
108.784
278.4
43.6
722.352
77.88
3.204
95.952
41.92
10.784
31.86
329.584
173.94
2396.2656
43.13
14.136
146.04
601.47
207.48
70.368
14.88
67.136
33.024
14.76
64.704
30.87
34.24
131.136
261.74
35.952
57.584
35.168
59.96
15.008
14.624
55.36
300.93
67.56
276.784
14.256
39.624
7.38
81.98
6.69
59.48
719.96
519.68
2.912
22.428
39.872
1.908
99.568
11.09
6
8.448
9.568
20.736
7.61
37.52
332.94
3347.37
1599.92
224.75
728.946
1059.12
83.136
466.768
15.232
15.136
40.48
20.704
10.47
11.34
6.264
11.07
68.52
67.9
20.7
146.952
1336.44
378
14.4
17.64
17.61
40.74
373.08
16.9
149.95
29.97
673.568
25.92
437.85
1128.39
35.4
20.416
48.664
841.568
21.4
5.344
273.666
121.78
17.48
12.96
113.888
14.82
191.82
109.48
33.4
20.1
232.4
12.32
6.48
295.4
396
437.85
105.584
73.584
801.568
631.782
350.98
99.372
885.528
5.352
60.72
383.438
2.672
4.616
3
368.91
13.08
900.08
239.984
701.372
872.32
25.632
25.44
8.928
11.952
2.308
49.53
159.88
17.04
69.52
1606.23
27.93
6.24
5.04
249.95
163.88
98.392
17.088
393.25
11.76
48.64
271.984
83.7
65.79
77.52
37.68
68.432
18.96
13.28
7.872
40.776
7.506
63.968
16.56
16.52
35.56
35.88
128.34
97.98
63.936
63.968
368.97
184.752
532.704
28
4.912
12.201
10.528
13.216
4.08
18.9
11.952
118.25
13.68
563.24
155.372
63.2
21.44
127.95
6.38
442.372
304.9
41.7
6.48
41.96
511.056
477.666
483.136
201.96
68.64
393.165
286.256
3.04
5.76
16.56
5.022
15.936
4.98
29.6
10.9
60.048
331.536
24.224
499.95
479.976
44.736
424.9575
454.965
747.558
236.88
93.032
35.4
15.624
6.816
8.928
7.83
29.9
9.99
29.9
12.96
51.45
431.976
100
9.99
956.6648
13.89
2.907
17.94
1001.584
99.136
40.88
25.92
10.496
62.94
27.24
15.936
18.97
209.97
36.24
859.2
523.92
1.964
194.848
41.85
330.588
30.976
5.388
28.352
79.512
69.9
61.44
33.96
54.792
34.37
735.98
32.48
17499.95
599.292
915.136
38.08
15.648
6.16
97.82
8.56
11.568
239.372
30.4
59.752
119.1
5399.91
52.68
11.976
17.904
28.85
67.96
703.71
27.264
93.36
4.928
10.56
837.6
51.712
60.144
61.96
387.72
169.568
332.832
1.408
19.136
23.976
90.882
120.784
14
16.392
4.095
20.608
15.992
15.992
120.784
27.72
5.344
24.96
43.12
139.92
82.26
727.45
11.52
34.7
15.872
6.286
76.176
4.02
24.9
8.288
37.94
35.44
20.04
99.87
65.88
191.976
102.592
35.008
111.96
93.024
39.152
12.768
177
22.704
1649.75
1091.93
43.26
868.59
121.6
41.72
232.96
66.54
29.46
20.16
45.68
71.6
60.12
12.96
5.5
142.182
120.98
120.666
1927.59
18.16
315.98
449.97
307.92
6.48
387.136
56.686
61.1
7.152
19.296
25.248
51.016
20.86
125.7
191.98
1043.92
242.136
45.568
19.96
661.176
12.39
113.22
4535.976
23.2
7.92
28.752
35.88
22.92
104.79
340.92
154.44
111.672
7.36
106.08
98.16
235.152
31.4
101.94
39.92
8.34
6.68
16.156
17.05
379.4
54.816
15.552
450
199.99
359.98
100
239.976
783.96
427.644
290.98
40.2
43.92
25.032
9.728
67.136
40.67
33.48
47.952
77.6
63.968
165.048
756.8
12.42
38.19
49.536
14.28
37.425
17.616
32.4
56.91
50.96
93.06
1082.48
302.376
67
11.67
11.744
40.74
11.68
114.95
28.752
3.62
492.835
1403.92
368.97
12.39
32.064
332.94
1085.42
21.96
251.79
111.672
68.112
21.8
217.584
470.155
24.1
842.94
43.32
1101.48
75.96
7.98
8.82
8.75
9.296
4.158
27.24
43.584
15.26
20
87.71
19.44
116.28
9.248
314.55
82.95
72
179.991
650.352
104.784
66.112
50.496
11.376
209.88
38.29
876.3
192.8
4.176
7.712
10.74
629.184
15.176
38.88
47.952
45.248
17.584
185.376
686.4
956.6648
113.888
756.8
273.96
863.128
39.68
12.588
104.9
53.248
29.12
3.564
158.13
51.75
11.84
89.97
72
171.96
479.72
23.988
207.984
81.424
238.56
35.568
36.112
88.768
84.84
1603.136
44.46
14.82
37.44
57.584
26.976
27.68
276.784
14.96
14.62
12.9
12.96
314.088
116.82
11.36
119.976
479.97
263.96
359.97
261.96
731.94
479.97
341.96
148.288
467.46
37.3
9.98
129.92
334.88
14.7
41.86
20.368
81.96
69.888
3.64
70.008
49.848
5.184
13.216
9.216
4.624
61.4
22.248
67.71
31.104
32.4
89.568
29.74
720.76
38.976
155.82
14.72
178.92
279.944
41.958
221.98
881.93
245.646
47.992
451.152
6.96
41.96
2678.94
671.544
92.94
14.112
55.008
31.504
9.888
35.232
83.36
28.14
36
95.968
59.97
257.98
1537.074
449.372
1474.802
22.752
674.352
110.096
37.68
20.58
17.38
6.27
4.368
287.52
16.752
19.98
31.984
203.976
30.36
4.18
19.54
44.02
140.75
3.136
14.94
217.056
24.88
77.55
36.63
52.136
2279.96
380.058
408.006
19.92
48.576
23.65
9.84
2.296
8.26
7.38
16.45
5.28
40.44
499.98
1199.976
89.97
13.98
630.024
38.136
1016.792
99.39
361.376
8.32
28.4
10.776
15.232
49.5
67.176
301.96
255.108
67.84
103.968
6.368
61.12
48.848
19.648
1117.92
595
1319.96
61.192
2.328
31.96
8.74
54.96
18.48
17.28
17.712
1.192
14.352
10.78
40.968
58.368
44.75
10.368
100.704
64.96
68.6
71.96
289.568
86.97
318.43
7.068
39
4.91
14.427
128.4
2.628
19.096
14.62
18.496
314.55
15.696
9.08
39.72
255.984
27.88
122.92
244.768
944.93
151.192
113.568
127.554
195.136
77.952
12.96
38.432
40.46
32.4
21.568
81.576
30.345
404.94
39.88
20.82
23.616
12.192
134.272
49.44
4.488
6.216
2.088
24.032
14.368
70.448
15.8
339.92
1684.752
9.94
207.76
82.26
42.384
14.04
17.216
1219.96
40.752
4.416
4.344
74.352
24.784
10.528
6.48
11.56
41.92
25.35
559.92
297.576
88.4
94.992
659.9
139.96
33.52
657.552
194.352
1568.61
456.588
17.3
5.08
563.4
73.36
59.976
160
4499.985
319.92
59.98
3406.664
595.38
313.176
64.96
17.856
37.17
3.744
91.68
7.312
78.759
33.75
70.98
13.36
59.97
3040
494.982
31.56
331.023
167.292
34.65
152
79.95
204.95
25.92
39.808
97.984
62.4
34.95
116.76
271.992
347.802
182.67
7.16
7.434
6.888
12.672
32.544
1263.3
1126.02
101.7
340.182
242.176
58.416
389.97
33.36
13.76
496.86
36.192
172.5
248.43
85.246
751.92
31.96
17.31
111.15
16.74
366.009
901.95
2104.55
11.648
4.704
23.04
88.08
22.92
47.9
23.92
1112.94
40.7
137.94
863.928
179.97
781.864
14.52
72.42
59.7
104.184
115.84
24.704
35.232
415.176
54.96
25.92
40.46
30.816
2079.4
33.87
165.6
629.95
58.36
39.96
16.464
205.666
542.646
29.98
111.9
400.032
268.704
581.96
394.816
21.92
18.192
6.3
182.72
48.72
772.68
33.63
1649.95
113.79
15.528
1.728
104.85
40.56
193.86
182.94
212.88
78.15
25.08
16.9
81.94
1951.84
13.4
191.82
33.92
3.536
171.55
407.976
109.69
11.952
4.98
584.82
465.18
384.45
699.98
149.97
18.69
47.208
59.808
222.352
437.472
13.376
968.744
35.89
13.86
189.7
13.36
248.08
19.44
479.984
156.792
249.584
431.976
271.96
405.86
680.01
190.92
1421.664
8.56
12.957
10.584
45.36
34.05
352.38
68.112
16.56
249.584
114.95
1097.544
79.974
1056.86
60.34
61.929
4.356
19.46
9.328
273.92
2.946
3.69
122.12
9.392
20.568
19.04
59.98
40.68
10.9
79.974
2.946
321.568
1424.9
35.1
65.34
153.552
679.96
361.92
80.28
62.82
123.92
18.54
6.48
80.58
44.75
99.12
458.43
363.92
403.92
14.8
328.59
892.136
387.136
83.42
73.536
23.32
6.672
35.808
5.872
122.688
209.6
15.26
30.98
50.22
85.224
64.96
243.384
13.52
119.96
316
119.8
300.768
1029.95
302.376
33.48
383.64
60.35
56.52
11.2
13.9
18.693
49.12
26.86
35.52
249.95
383.952
657.93
2.21
15.52
36.44
1114.272
9.84
6.096
63.88
81.424
133.38
396.92
23.12
21.48
5.76
14.62
134.8
17.15
14.76
1652.94
564.195
87.168
2.214
19.44
296.37
68.46
19.6
563.92
34.944
4.788
3.68
21.21
2003.52
9892.74
11.416
13.488
51.84
46.53
165.6
563.94
18.84
39.92
183.84
377.45
194.528
18.688
254.058
1793.98
45.24
15.936
11.648
38.88
900.08
961.48
579.3
112.776
72.64
772.47
66.976
28.68
303.92
455.97
3.52
10.44
34.248
1.8
5.214
18.92
15.42
33.9
66.3
842.72
41.96
11.84
22.784
31.32
55.36
25.584
11.56
141.372
2.328
572.76
286.38
4.2
8.82
5.553
61.96
24.85
45.36
7.968
37.94
47.9
227.28
1117.92
1999.96
1499.97
287.88
453.576
131.88
43.96
799.56
27.882
39.76
33.4
540.048
255.68
197.97
698.352
2563.056
866.646
47.968
21.12
343.85
1747.25
35.445
313.176
19.89
33.568
45.36
106.32
254.24
399.98
45.12
100.8
269.97
2575.944
146.352
212.94
902.712
18.72
26.49
7.9
53.97
11.328
4.992
33.9
17.76
89.97
302.384
22.2
845.488
17.184
20.16
2.61
10.368
23.68
40
754.45
70.56
81.96
11.232
2.808
38.088
27.792
25.344
186.048
37.408
14.03
27.96
170.786
16.52
6.384
6.924
5.904
72.224
481.32
13.712
47.616
3.64
159.768
38.376
23.48
156.512
302.376
310.744
474.43
141.42
48.896
15.224
12.736
6.47
13.748
3.6
454.56
913.43
5.432
31.744
28.854
15.66
372.144
16.59
695.7
9.12
2022.272
38.88
33.74
2.808
7.89
153.78
61.02
110.11
3059.982
892.98
274.491
37.68
760.98
9.78
40.08
212.94
209.94
32.4
4164.05
18.96
5.97
2.508
18.336
21.744
2.52
36.288
154.9
11.34
67.4
18.76
168.624
12.12
169.064
159.8
67.8
111.984
7.92
34.384
1924.16
21.4
4.276
32.784
12.7
62.592
47.984
302.67
27.92
399.672
5443.96
56.07
6.68
887.271
31.968
542.94
2.04
6
79.92
12.28
21.696
429.6
207.846
3.52
24.2
11.52
359.976
160.776
84.98
18.72
14.4
89.52
27.936
99.696
35.784
268.576
242.94
348.208
619.95
179.97
350.973
164.99
24.3
9.48
31.4
6.48
209.5
7.872
15.12
11.96
1126.02
51.45
2999.95
210.98
19.68
4.938
6.48
25.92
95.984
86.352
25.86
276.784
5.67
110.352
62.72
15.47
7.16
11.84
18.16
2939.93
14.016
71.976
137.94
107.982
37.74
279.9
239.97
449.91
14.91
8.34
4.768
12.128
119.616
5.22
94.85
12.96
13.48
8.57
120.784
419.136
34.58
69.375
8.82
9.344
12.74
40.3
32.35
18.28
7.71
129.3
31.68
604.768
2003.168
207
210.58
86.26
46.8
30.96
21.456
78.304
139.04
239.984
59.97
22.2
3.882
5.229
419.4
65.584
5.184
115.296
285.552
32.67
1640.7
7.12
243.992
371.2
240.784
359.97
46.24
29.9
227.46
3.984
21.12
12.992
252.784
354.9
127.984
203.983
23.12
963.136
147.568
21.336
20.7
88.776
107.53
90.64
10.71
6.63
17.94
25.02
799.96
600.558
7.692
28.032
18.368
37.94
50.352
579.51
14.99
89.0664
899.43
30.144
455.97
480.96
175.44
5.715
11.76
166.45
438.336
57.594
124.792
29.16
9.82
109.53
167.976
44.67
1245.86
12.84
11.22
68.704
22.23
386.91
13.11
6.56
10.64
9.432
51.168
31.992
215.968
333.576
47.904
8.4
37.44
71.96
4.956
123.92
1319.8
231.92
196.784
1.788
892.224
91.96
356.79
81.92
23.12
223.92
29.6
258.576
889.536
9.84
7.78
441.96
59.52
18.528
12.222
0.556
107.648
57.96
68.04
6.976
479.94
196.776
180.98
170.352
399.672
72.8
26.88
1049.44
99.98
103.5
9.32
15.25
2.464
89.568
8.72
262.24
127.96
18.69
234.36
42.68
7.9
25.06
221.16
299.97
71.97
63.488
23.88
14.976
4.928
11.52
286.93
26.38
67.78
206.384
25.92
91.59
49.08
647.84
3.36
171.2
20.7
30.84
199.98
479.984
43.872
6.696
933.408
48.784
5.248
13.092
111.96
35.91
53.982
26.72
154.764
12.294
895.92
43.28
63.88
776.85
40.41
242.94
69.93
89.768
465.16
19.456
29.76
174.3
30.88
45.36
288.24
15.552
27.12
314.55
90.8
1332.496
214.95
959.984
209.986
34.36
299.9
140.736
7.992
915.14
327.76
49.616
51.264
140.67
19.68
70.464
5.193
6.48
54.224
310.12
46.51
159.984
445.44
659.976
44.376
140.67
19.68
70.464
310.12
59.1
17.456
9.144
13.776
18.75
4.608
7.31
10.272
107.44
46.53
57.06
71.6
119.7
82.524
90.86
2.688
23.832
13.9
46.2
182.994
19.4
27.816
537.544
30.93
697.16
381.36
8.94
27.496
14.624
19.824
28.91
99.54
199.96
657.504
72.294
2.91
56.704
61.96
274.064
265.93
238
1805.88
22.14
64.384
8.544
10.896
30.576
8.856
13.02
277.4
5.78
359.32
725.84
211.84
34.76
25.68
20.04
32.48
143.728
347.58
13999.96
271.764
207.846
47.01
221.92
12.768
26
469.99
90.99
368.97
1526.56
176.04
23.1
11.05
16.02
185.92
6.848
479.984
211.168
470.376
257.568
60.84
87.168
19.83
3.76
74.352
32.232
143.96
53.25
2399.96
119.96
1023.332
211.246
600.558
15.008
292.1
17.76
8.26
45.68
11.94
110.96
17.64
332.94
39.992
206.1
26.48
21.56
68.742
12.96
20.04
26.72
795.48
532.72
81.4
94.2
6.08
5.715
325.86
59.76
164.792
205.3328
61
29.78
33.62
64.12
34.54
13.468
75.04
29.7
2999.95
671.93
84.95
677.58
482.664
218.352
127.95
20.808
121.68
28.4
6.264
5.78
42.93
94.2
4799.984
23.976
25.11
411.8
11.12
14.94
360
25.472
7.056
7.04
16.98
240.37
119.02
41.22
383.84
8.1
106.32
258.072
233.86
620.6145
16.256
5.328
617.976
219.184
56.28
306.9
273.96
41.95
2690.97
244.55
195.76
2591.56
35.97
17.43
478.24
37.896
15.12
8.64
9.82
251.64
65.584
191.6
12.96
501.81
12.32
36.672
195.104
4.419
7.16
10.368
7.61
286.15
95.736
99.99
20.992
1.752
41.86
11.364
16.768
199.95
27.12
29.7
39.96
436.704
895.92
7.92
5.28
198.272
242.352
74.45
89.856
14.592
10.776
8.76
13.872
196.45
4.89
15.57
20.736
79.14
15.552
102.833
40.74
16.52
26.046
2.896
13.71
32.544
205.92
477.24
25.98
218.352
60.312
12.03
21.594
8.964
10.9
7.38
23.04
20.736
28.14
195.136
274.89
2549.985
257.5
317.058
51.968
14.56
44.4
42.408
15.76
8.7
36.56
146.86
848.544
332.704
51.336
122.382
908.82
162.6
97.264
2.934
2.694
20.736
11.54
47.976
18.28
254.352
675.06
387.136
77.952
11.664
66.36
24.14
121.94
11.76
92.88
18.688
3
5.344
54.9
122.71
45.408
155.34
99.28
10.43
7.518
1.188
1.81
113.568
72.784
69.98
552
344.981
8.896
67.92
42.048
73.344
13.904
19.05
107.97
1.988
39.28
20.34
220.2656
139.58
12.39
47.3
123.92
33.12
28.08
6.848
8.384
751.984
1048.35
4.91
64.96
220.704
23.68
15.528
9.78
4.842
43.372
23.24
13.896
30.56
62.96
11.952
4.608
5.76
163.96
10.368
2.376
677.58
314.352
2803.92
933.262
4.608
3.328
48.9
129.93
59.52
34.4
15.7
159.56
32.448
373.47
22.96
64.2
26.388
8
25.92
763.44
69.52
300.904
243.16
2.202
9.396
2.313
9.11
17.61
32.4
16.91
571.44
183.96
89.991
9.552
34.5
21.24
23.16
6.68
6.48
623.4648
152.94
54.66
6.408
11.06
68.541
122.12
59.2
84.416
772.68
191.968
408.744
627.168
476.8
26.64
1458.65
87.444
79.99
419.944
128.058
47.992
81.08
41.472
3359.952
207
286.85
147.92
65.232
104.28
66.96
199.98
209.979
7.996
5.248
43.92
26.032
37.59
37.44
6.848
74.416
42.85
285.48
7.77
10.272
19.168
34.24
5.904
6.16
87.6
127.92
238.62
17
87.4
458.43
20.768
299.52
914.97
180.96
58.48
14.94
530.34
587.97
261.96
899.43
18.28
46.2
3.76
14.7
37.2
58.17
48.69
5.04
74
47.952
24.784
76.864
440.19
22.58
64.4
1399.93
89.97
539.97
7.992
42.624
220.96
39.96
4.752
56.704
15.552
11.12
29.592
221.024
302.94
1.892
14.56
22.608
706.86
17.24
113.94
3.048
43.19
1.996
6.874
8.928
36.048
34.75
344.704
55.98
114.95
19.44
1628.82
314.352
681.408
281.34
97.16
5.58
3.52
26.16
133.12
13.216
286.93
27.888
195.64
38.016
36.32
299.97
67.8
307.98
95.992
377.97
518.272
6.98
64.9
21.5
25.92
131.94
41.28
8.288
7.41
704.76
343.2
1123.128
518.272
6.98
343.2
520.05
17.97
181.986
49.56
9.84
2.78
1.592
22.344
68.46
171.288
18.32
1.188
1.824
48.816
18.84
29.84
663.92
3.29
50.136
120
208.44
12.96
25.76
23.08
477.3
35
31.44
58.34
12.06
25.92
477.15
27.192
98.16
539.97
302.376
115.96
301.96
106.869
247.44
27.46
125.13
3.564
15.552
13.872
271.968
195.96
54.368
65.424
6.24
465.16
43.41
23.55
25.92
7.98
53.424
241.96
204.6664
13.592
8.01
35.1
3.89
37.52
35.36
156.792
1925.88
17.48
2405.2
17.38
3.798
53.9
27.744
324.744
39.89
83.97
158.376
43.92
10.688
25.344
25.344
27.44
2.97
241.568
35.168
384.768
24.472
5.2
3.912
4.554
15.552
11.96
45.36
136.26
110.4
44.75
205.992
1099.5
78.66
503.96
31.984
30.336
8.64
108.08
6.37
9.54
12.48
71.984
20.736
470.376
4.95
26.4
1497.666
1.624
12.176
72.588
10.36
85.056
35.168
23.76
89.544
17.52
381.576
23.976
108.925
49.12
36.352
720.76
514.165
14.7
8.4
16.4
14.13
29.6
11.56
40.032
15.58
1347.52
132.52
279.96
88.776
174.42
280.792
61.44
3.76
15.872
88.04
4.572
18.288
122.97
37.94
215.592
68.448
102.96
385.8
858.24
17.088
8.856
452.94
64.14
13.128
91.2
19.04
19.44
63.92
71.976
291.136
470.302
181.86
164.736
47.984
77.728
698.352
31.168
120.96
76.608
19.56
4.26
44.4
91.36
17.94
84.55
142.776
2239.936
239.976
119.96
47.976
1212.96
301.96
180.66
23.92
14.016
5.936
19.44
18.54
192.16
16.68
479.952
191.98
65.99
155.25
2.304
9.36
51.312
12.224
146.352
14.03
101.34
3404.5
917.9235
74.352
38.88
74.352
760.116
50.32
38.784
457.485
0.444
2.264
6.888
11.568
146.176
97.82
24.56
129.3
153.584
11.184
103.12
122.328
5.248
51.312
9.82
32.4
31.104
4.464
149.95
239.97
503.96
17.92
6.24
41.256
82.4
447.84
487.96
3.036
10.332
31.155
37.608
8.928
172.764
276.69
385.6
35.82
95.92
102.93
182.994
2.88
10.272
21.744
400.784
871.4
5.344
11.304
71.04
148.48
273.552
526.45
15.92
102.368
13.872
4.54
68.52
713.88
83.76
272.94
28.4
431.928
545.916
239.97
358.2
543.92
191.646
126.3
20.07
19.44
1287.45
409.9992
638.82
25.16
307.314
21.392
362.94
11.68
312.552
895.92
11.54
5.184
1295.78
130.71
30.69
62.31
435.999
569.058
19.52
22.23
14.224
1044.63
75.792
204.95
248.57
1085.42
1001.584
169.99
25.92
443.92
5.232
163.96
129.39
23.99
545.85
102.3
215.148
9.552
32.896
273.896
24.56
30.96
87.92
1687.8
24
258.9
59.98
2395.2
597.132
7.992
287.97
167.968
332.028
11.394
6.316
15.552
31.104
79.96
239.24
122.136
2.946
16.056
87.21
17.472
5.94
15.552
13.392
16.776
527.92
252
683.988
39.98
145.9
198.46
15.84
83.92
12.96
28.91
18.24
174.95
7.56
13.12
23.168
86.376
75.18
786.48
24.56
52.76
141.9
50
662.88
8.74
19.97
33.49
526.45
58.464
8.84
119.04
1.08
274.8
195.64
228.92
257.98
18.84
41.91
298.464
168.1
30.32
29.8
8.67
132.6
1287.45
71.952
3.816
91.008
13.56
360.38
39.594
396.92
18.84
276.69
71.92
13.12
4.448
4.96
9.248
239.456
62.04
140.97
1889.946
470.376
664.146
872.94
310.443
179.94
6.56
26.55
7.83
12.96
8.96
41.9
71.372
242.352
2.912
1194.165
7.904
39.08
57.9
99.9
32.4
10.56
479.984
269.98
311.976
198.744
161.568
801.6
7.656
16.096
9.184
599.97
163.764
182.94
183.92
8.792
416.32
43
60.83
735.98
14.62
13.36
69.712
389.97
302.94
225.296
8.8
124.404
17.48
25.99
3.52
101.94
19.68
2.112
50.352
33.93
2.864
14.94
94.192
6.48
16.34
222.32
231.72
1626.192
271.96
71.928
210.564
526.344
29.97
121.536
11.68
13.128
13.92
15.192
41.4
58.32
63.312
399.95
159.75
2399.96
20.096
138.588
298.116
20.23
3.304
20.736
259.92
37.752
362.352
1649.95
194.848
91.032
23.88
14.89
12.96
26.2
234.95
543.92
9.984
14.98
1145.6
115.96
302.67
34.848
137.62
60.12
4.368
33.48
2.896
90.57
124.792
461.97
22
76.776
26.25
330.4
89.95
36.96
155.88
11.01
17.52
849.95
11.54
54.816
56.56
41.424
285.576
36.792
54.896
36.288
186.54
1439.982
271.96
95.984
183.372
123.96
51.75
16.52
99.87
16.06
39.816
3.318
8.784
7.968
125.88
133.2
13.76
151.056
79.78
145.74
15.4
227.88
24.64
115.296
70.12
824.95
207.184
51.75
1473.1
11.68
104.8
31.128
13.76
11.952
244.55
24.56
118.16
119.448
63.96
79.992
55.76
159.96
707.88
113.92
39.66
447.86
121.3
70.08
177.2
1454.49
9.184
477.51
12.864
29.664
25.92
153.584
1779.9
54.92
542.94
219.9
17.52
100.704
20.736
192.16
46.74
174.95
299.99
242.624
423.648
31.984
272.048
83.79
59.52
36.024
1614.582
14.76
24.32
17.544
31.44
31.92
1.584
418.296
16.68
5.76
97.84
50.4
1801.632
13.428
67.136
74.592
4416.174
462.564
16.784
2518.29
38.864
8.016
13.92
102.93
895.92
221.056
23.36
8.56
540.57
5.552
98.16
71.976
9.94
88.02
65.94
40.48
9.912
21.38
6.744
107.424
2793.528
10.782
323.1
200.064
1000.02
843.9
1496.16
23.18
37.91
102.72
2.296
387.99
19.44
19.44
387.99
239.12
25.92
40.29
226.56
17.22
107.88
35.96
866.4
388.704
129.92
22.752
25.16
91.92
568.728
203.52
17.12
117.144
4305.552
32.088
15.28
35
51.75
277.4
6.672
83.88
572.58
237.096
37.24
33.18
431.968
210.008
314.532
2.784
161.376
8.72
49.568
4367.896
646.272
3.744
24.672
10.368
130.98
9.728
3.424
192.16
25.696
64.96
53.72
71.98
230.28
198.46
120.576
1488.424
14.336
321.92
5.952
841.568
37.008
2.896
12.672
116.28
5.184
354.9
63.84
28.4
1119.888
879.984
347.97
1137.75
91.6
5.56
99.68
26.72
25.344
21.81
35.168
148.02
9.408
3.24
47.36
27.44
569.568
638.73
6.672
8.376
229.544
10.744
193.95
149.73
6.208
659.9
689.408
498.26
114.9
283.56
314.6
7.58
22.92
19.99
215.976
1282.41
11.54
15.072
511.5
254.526
236.528
12.98
43.1
5.588
6.57
23.1
9.4
4.92
18.72
1577.94
147.92
26.432
16
18.9
11.696
74
79.92
12.192
146.82
17.12
10.9
352.38
235.92
167.97
238
40.68
1928.78
1199.8
201.584
197.97
239.666
90.801
181.764
108.4
5.96
5.56
82.56
42.616
24.448
419.4
8.904
284.97
100.8
825.174
97.184
1322.352
1478.272
30.384
6.912
13.12
8.256
10.192
4.368
11.808
88.074
25.56
13.344
487.984
14.82
11.52
10.368
12.96
17.76
54.32
217.85
421.1
16.784
91.96
19.04
5.56
43.176
71.96
2.78
15.552
147.184
89.568
161.568
47.94
25.16
19.76
135.3
80.96
81.568
25.98
7.857
1577.94
4.896
29.24
39.96
73.008
16.9
15.552
37.68
478.08
13.48
113.52
279.944
455.712
126.56
213.43
21.184
765.625
42.616
45.92
20.736
65.12
61.68
9.096
85.2
116.832
319.984
158.376
258.528
243.92
141.372
14.136
66.112
17.024
11.176
25.92
4.672
6.56
4.503
6.258
3.036
4.86
17.48
9.856
17.712
47.52
177.536
6.368
31.104
258.48
628.81
56.45
99.87
8.832
159.96
258.696
95.88
1931.958
362.352
24.18
33.99
14.88
13.71
762.594
16.2
7.184
2.78
24.9
85.056
18.76
286.29
112.8
296.85
37.056
259.896
147.168
2.78
2054.272
177.568
32.36
34.504
512.19
67.9
1.556
195.68
406.6
1471.96
22.18
10.528
14.2
19.44
19.44
12.96
184.66
20.544
71.28
10.272
79.96
143.952
8.36
90.86
45.78
45.36
166.44
39.9
94.85
15.92
113.372
589.41
127.936
942.784
70.95
29.95
3.882
18.312
56.7
74.352
8.56
11.56
19.05
70.98
895.944
241.17
12.585
1079.85
782.94
218.352
184.752
512.96
35.56
529.9
47.4
300.904
108.96
99.3
31.744
16.28
12.42
242.48
295.056
2357.488
2.688
163.96
31.872
81.96
38.62
59.98
39.99
369.544
395.94
323.976
22.512
5.98
538.194
3.444
17.568
17.9
8.82
20.544
20.736
71.976
18
47.984
55.992
1292.94
723.92
318.43
9.912
10.776
5.8
11.784
25.584
14.4
164.88
106.32
12.96
34.05
261.74
89.97
480
1415.76
9.82
20.32
8.928
113.94
8.82
10.08
114.848
10.86
50.96
19.44
22.72
244.55
25.92
15.96
143.7
47.584
34.48
101.34
95.68
411.98
72.588
409.216
23.32
23.832
35.4
16.74
4.842
18.18
32.4
12.624
95.616
149.95
89.584
191.976
471.92
2254.41
80.991
272.646
2888.127
11.784
4.36
38.52
13.76
45.4
72.64
59.97
212.8
104.85
1299.66
37.68
80.48
20.16
12.294
1.908
55.86
15.51
71.98
79.98
241.96
12.07
17.94
11.228
5.607
33.04
691.96
40.176
13.392
27.72
27.18
12.96
219.84
67.4
21.96
4663.736
1071
79.984
98.16
34.95
86.97
391.98
68.43
180.588
594.816
29.328
73.176
160.96
119.96
6.88
25.824
72.96
14.352
9.248
12.96
251.64
211.04
20.736
31.44
199.95
47.984
291.96
39.984
603.92
520.464
103.056
199.8
12.72
14.28
38.71
15.57
15.75
235.944
31.08
11.424
40.29
15.51
7.3
655.9
72
17.88
506.28
383.96
391.98
859.2
437.85
1169.694
89.9
40.29
38.71
488.646
269.97
47.12
10.608
5.56
8.26
8.595
24.448
20.7
177.55
39.9
190.896
119.96
419.136
9.24
2.224
17.04
931.176
71.88
35.88
9.99
9.24
32.776
209.792
76.776
2.655
10.368
14.352
147.184
1.744
54.384
72.784
63.686
21.248
51.75
344.22
97.84
99.2
46.672
27.968
23.34
7.98
35
7.968
8.448
15.552
51.55
51.168
243.92
97.3
239.976
336.51
3.89
11.646
20.664
164.88
11.76
167.94
159.98
108.608
451.152
241.96
6.672
81.088
61.776
1.44
104.85
19.44
91.84
104.75
1704.89
217.764
17.46
11.808
10.16
157.74
19.76
9.656
2314.116
21.984
15.224
56.98
95.144
2.88
27.36
112.12
58.05
22.638
34.236
8.94
20.736
49.12
1575.14
39.072
369.16
65.99
84.784
83.92
171.288
17.92
6.63
20.64
1793.98
15.552
22.58
371.97
19.98
435.168
221.382
72.9
206.352
15.8
19.936
39.92
75.792
14.9
61.96
63.824
5199.96
7.992
87.8
160.93
221.382
39.92
61.96
63.824
5199.96
19.936
41.96
227.84
9.344
19.152
40.99
37.94
143.7
17.04
6.48
344.91
290.336
319.96
307.666
154.764
4.24
50.454
18.936
85.52
580.672
1115.91
79.92
128.744
222.384
145.764
42.76
40.68
36
239.96
103.192
314.352
254.058
45.888
66.645
652.45
67.144
12.816
18.24
18.98
35.2
10.816
239.358
14
16.39
2154.9
254.604
40.48
673.344
5.88
101.84
79.872
17.9
9.96
10.368
7.968
39.984
435.84
45
595
791.88
0.99
369.544
10.476
1504.52
904.9
96.784
5083.96
11.07
24.84
11.648
63.312
25.92
18.176
59.712
348.56
209.94
31.984
9.46
27.396
37.66
13.456
46.36
22.72
510.24
11.68
87.92
13.05
14.73
152.65
204.95
547.3
1875.258
124.75
307.776
18.528
599.985
10.64
12.96
49.96
52.792
328.3992
30.56
56.56
91.275
24.368
123.256
2.072
39.624
1633.188
8.96
31.5
29.472
23.68
32.7
309.576
16.68
24.368
16.68
19.44
43.936
284.364
13.36
4.448
20.928
145.85
24.55
3.75
45.528
6.672
39.96
14.352
665.408
4.768
15.984
478.48
683.952
45.696
262.11
161.568
23.992
17.856
38.82
6.216
21.9
8.559
4.064
5.184
71.376
909.12
28.4
1439.92
329.988
579.136
177.225
248.98
36.44
3.168
63.9
31.68
333.09
11199.968
2399.6
52.99
32.7
210.68
69.08
35
240.744
637.896
2.22
10.272
9.762
3.564
26.4
43.44
11.56
259.136
13.72
55.2
35.88
823.96
863.88
517.405
11.68
356.85
81.438
33.282
251.58
6.16
14.76
55.616
19.99
61.542
118.65
556.665
189.576
6.576
7.056
5.607
15.84
8.448
56.784
44.784
27.184
95.84
71.96
77.952
47.98
21.93
47.952
15.552
147.184
24
26.176
46.96
199.98
33.94
71.992
97.568
614.272
9.64
16.192
7.168
251.006
1702.12
19.9
13.904
88.752
30
43.86
7.42
20.736
54.192
11.168
105.98
35.06
442.4
148.48
5.248
9.912
508.768
2665.62
25.12
40.99
189.7
975.92
155.372
3.312
25.02
20.136
83.9
168.1
5.56
54.336
8.8
27.78
590.352
76.58
8.856
5.32
18.24
5.58
23.85
19.44
11.76
452.55
59.92
384.592
2249.91
859.2
307.136
41.37
15.992
486.368
1673.184
55.984
11.673
18.368
4.086
14.94
12.39
139.86
8.56
26.4
10.688
35.88
16.272
52.4
40.776
43.5
199.75
959.984
361.376
523.764
167.44
4.3
7.536
1.408
4.144
3.564
4.928
23.68
9.664
194.352
52.752
95.976
70.72
7999.98
143.928
1359.96
128.124
101.4
166.5
16.03
11.424
164.688
2.388
167.94
12.96
4.41
12.96
67.8
110.96
243.992
390.75
159.99
99.98
492.768
449.568
127.372
8.73
30.56
28.272
2036.86
499.584
5.68
13.9
1.248
13.272
5.682
15.28
41.4
26.4
47.952
59.94
31.104
45.36
26.38
318.96
5.78
18.16
259.136
46.26
108.96
16.95
272.97
350.352
100.94
38.16
21.792
7.88
59.97
439.8
761.544
359.97
274.2
109.9
215.976
523.392
47.12
96.53
9.64
63.56
1633.14
544.38
191.976
99.99
826.62
499.168
241.424
899.136
341.96
400.8
7.8
26.352
38.388
28.792
931.176
11.52
239.952
111.79
95.994
430.88
201.584
34.92
88.92
1158.12
10.89
181.86
121.6
18.336
18.24
45.92
10.44
19.44
10.368
35.48
25.5
35.184
113.888
113.568
22.848
76.12
9.21
30.56
15.92
14.016
12.224
18.24
9.96
11.56
23.12
10.56
16.056
26.72
10.848
223.056
221.024
77.952
540.048
27.93
41.6
18.544
62.352
44.784
7.92
671.984
370.782
67.992
205.9992
2404.704
154.95
9.324
2.064
563.024
11.22
8.64
8.904
61.792
344.91
230.376
720.064
11.21
82.95
239.92
60.864
163.96
652.995
22
43.6
629.95
321.568
34.24
45.04
3.648
8.64
21.99
15.28
96.36
167.952
119.94
6.68
339.136
220.064
17.31
12.42
119.94
139.92
23.36
86.352
1.824
73.68
146.82
811.28
48.86
33.29
139.96
899.982
1919.976
52.44
119.94
107.88
327.7328
187.76
35.04
50.94
43.8
13.904
4.158
268.24
19.608
38.88
1247.64
79.99
431.16
239.96
10499.97
206.1
127.386
5.82
19.76
389.056
38.864
8.448
20.232
55.584
2.96
7.38
44.384
41.472
20.736
95.94
37.76
92.52
81.36
169.68
2.944
132.52
74.95
233.058
191.058
305.312
15.992
18.7
821.88
79.974
219.075
718.116
2504.74
22.96
31.776
99.136
13.04
21.96
41.28
58.408
1525.188
59.913
16.74
25.06
16.896
13.36
305.01
6.672
31.968
183.968
209.568
283.92
4.656
27.58
50.97
77.6
42.6
23.968
22
68.97
28.728
84.056
46.76
2.97
569.99
1259.97
27.42
70.98
8.62
11.76
5.56
40.736
150.8
9.02
8.448
51.84
39.296
56.56
1039.992
55.176
659.976
35.712
24.048
28.4
6.464
127.785
3.304
287.92
7.476
6.104
11.52
36.288
78.304
10.688
4.36
74.112
195.96
27.992
222.384
321.568
977.292
364.08
71.088
13.762
27.76
16.38
11.673
2.88
327.84
20.724
19.008
167.96
64.848
10.824
229.544
5.88
12.96
7.78
415.872
1443.96
33.29
223.58
79.1
89.988
359.499
723.92
701.96
853.93
67.84
18.688
5.16
34.08
48.87
501.81
10.48
299.96
39.96
828.6
126.3
27.46
135.3
257.94
58.73
52.272
213.136
12.84
33.568
93.344
38.04
89.98
979.95
1879.96
220.752
18.84
46.94
43.584
8.76
6.99
107.424
117.488
497.94
244.55
158.28
166.16
143.73
57.568
1007.232
1049.2
516.488
20.9
2065.32
1.64
79.96
62.65
15.552
25.344
88.768
1979.89
390.368
101.52
1079.316
1242.9
25.83
1781.682
663.936
155.94
68.472
2.368
173.8
269.49
83.56
95.976
383.976
546.06
71.976
141.96
897.15
317.058
398.972
70.68
7.712
629.64
79.12
31.152
8.001
15.92
6.783
15.92
10.128
17.52
104.68
52.29
15.936
10.368
41.86
19.44
45.36
83.92
37.392
91.99
541.24
221.55
20.37
105.584
62.958
406.368
131.98
219.8
470.376
242.352
701.96
906.68
1159.056
508.704
8.752
286.86
294.62
79.47
12.16
34.65
19.728
10.08
32.776
179.9
47.96
69.456
67.86
45.66
631.176
36.624
9.024
10.86
8.56
109.92
114.288
559.62
4.36
49.616
39.992
2479.96
151.188
57.36
979.95
58.36
39.96
16.464
13.592
16.192
16.72
23.376
521.96
45.216
13.344
83.92
14.624
28.782
3.15
166.44
24.448
10.32
10.368
47.32
47.992
76.752
102.336
136.99
188.552
182.22
239.96
302.94
11.352
12.99
54.768
13.392
8.8
5.346
74.352
11.76
23.92
61.568
255.968
399.95
142.8
649
25.08
16.9
58.68
20.94
41.96
199.9
254.9
61.44
14.976
83.92
172.752
24.816
9.296
11.07
9.45
21.6
38.9
92.94
205.03
99.39
31.176
10.68
82.38
320.64
1889.99
3.552
15.552
50.04
52
127.984
374.376
1336.829
459.92
215.544
113.568
128.9
109.48
1004.024
69.48
1089.75
13.248
90.48
22.424
61.06
28.35
55.98
27.52
9.68
87.92
19.44
60.12
27.15
592.74
42.76
31.92
29.79
272.94
179.95
178.11
1199.976
83.988
148.257
872.94
9.708
896.328
214.9
189
11.16
34.7
2.624
54.9
13.005
11.088
33.72
15.92
41.54
1.248
10.4
29.36
57.576
5.76
14.94
33.45
143.856
12.96
419.4
15.984
27.24
37.208
15.14
146.45
104.88
1399.98
444.768
3.69
122.12
87.92
19.104
14.76
310.88
1669.6
426.79
18.24
3.273
19.936
65.568
45.84
34.5
10.86
10.368
12.96
324.9
599.97
14.2
49.08
38.97
95.84
99.12
64.784
63.686
520.464
77.72
721.875
1.392
22.75
13.584
23.36
5.4
14.952
40.2
735.98
7.28
6.54
10.368
17.94
116.312
39.98
128.85
73.568
116.98
287.976
201.04
8.64
12.96
38.88
31.44
266.352
2.032
56.328
26.25
974.988
526.582
95.232
64.96
43.7
17.28
73.85
25.71
227.976
44.75
159.8
39.264
1199.98
52.68
43.7
64.96
526.582
26.25
17.28
22.77
54.32
10.192
22.83
196.776
68.46
19.6
81.568
97.184
18.96
29.95
33.376
24.32
5.984
10.8
44.4
13.36
158.9
149.95
189.95
504.9
124.36
66.284
11.808
15.24
24.816
28.16
13.23
32.56
481.32
166.72
544.38
13.98
119.833
1141.938
18.96
99.95
1704.56
130.112
3.2
12.672
38.82
5.76
18.704
6.63
46.672
7.236
4.824
32.4
91.36
12.96
29.34
119.98
102.018
13.36
36.672
78.256
1665.62
50.352
6.984
279.9
6.48
34.02
6.984
15.92
5.88
6.63
23.88
166.44
1000.02
124.36
375.34
69.5
71
281.97
220.98
1586.69
141.96
934.956
182.55
411.8
607.52
839.43
59.24
4.17
23.128
1.641
6.33
7.824
18.45
25.92
75.88
37.32
26.16
31.16
695.16
474.95
84.99
46.864
199.95
67.04
629.958
72.704
27.46
181.95
29.312
12.264
13.48
13.84
182.94
44.96
175.872
28.672
62.04
367.96
218.352
494.97
842.376
232.88
271.764
37.93
8.544
35.91
12.3
90.48
21.312
14.376
17.88
19.44
264.32
1003.62
2879.952
479.97
191.984
304.45
41.96
21
273.06
31.744
13.023
3.168
40.98
153.552
3.856
39.582
39.312
3.62
629.1
96.08
95.94
270.62
44.688
158.928
31.8
120
90.48
3.132
44.75
16.032
750.68
13.248
164.388
78.8528
340.704
113.372
7.4
2.96
7.968
27.168
2.48
33.264
1.188
1.68
25.9
13.96
72.45
4.28
64.784
118.25
725.84
14.85
258.75
1207.84
393.568
300.98
101.12
68.46
34.58
12.53
19.6
6.03
209.7
302.376
99.12
68.46
19.6
323.136
209.3
13.904
52.776
20.72
3.024
90.93
3.024
